ECHO is off.
Easy1
0 	0 	0 	0 	0 	0 	0 	0 	0 	0 	0 	0 	0 	0 	0 	0 	0 	0 	ECHO is off.
592 	70 	67 	74 	57 	51 	53 	62 	73 	52 	64 	75 	59 	60 	63 	49 	48 	38 	ECHO is off.
1175 	226 	225 	223 	207 	223 	233 	223 	198 	182 	166 	189 	162 	167 	166 	126 	110 	92 	ECHO is off.
1267 	294 	298 	298 	295 	297 	295 	284 	281 	272 	276 	273 	254 	236 	230 	188 	159 	124 	ECHO is off.
1146 	297 	299 	300 	301 	300 	304 	300 	301 	302 	304 	306 	294 	272 	257 	214 	174 	137 	ECHO is off.
986 	300 	300 	300 	301 	301 	301 	302 	301 	308 	307 	310 	299 	283 	261 	218 	177 	139 	ECHO is off.
840 	300 	300 	300 	301 	301 	302 	301 	301 	307 	309 	309 	298 	283 	262 	216 	179 	137 	ECHO is off.
733 	300 	300 	300 	301 	301 	301 	301 	302 	302 	311 	306 	296 	278 	262 	217 	179 	136 	ECHO is off.
648 	300 	300 	300 	301 	300 	300 	303 	302 	302 	305 	304 	293 	278 	258 	217 	177 	133 	ECHO is off.
586 	300 	300 	300 	300 	300 	301 	301 	301 	302 	300 	299 	287 	274 	257 	214 	175 	132 	ECHO is off.
538 	300 	300 	300 	300 	300 	300 	301 	301 	300 	299 	298 	283 	273 	254 	214 	175 	131 	ECHO is off.
490 	300 	300 	300 	300 	300 	300 	300 	301 	300 	298 	294 	281 	271 	252 	213 	174 	131 	ECHO is off.
456 	300 	300 	300 	300 	300 	300 	300 	300 	300 	298 	294 	280 	270 	252 	212 	174 	131 	ECHO is off.
439 	299 	298 	299 	300 	299 	299 	299 	299 	299 	296 	291 	280 	269 	253 	212 	173 	131 	ECHO is off.
403 	296 	298 	297 	298 	299 	297 	298 	298 	299 	295 	289 	280 	268 	253 	211 	171 	130 	ECHO is off.
388 	293 	294 	295 	295 	296 	297 	297 	297 	297 	295 	287 	278 	267 	250 	209 	171 	130 	ECHO is off.
368 	288 	289 	291 	292 	295 	293 	294 	296 	296 	292 	285 	275 	266 	247 	207 	171 	129 	ECHO is off.
377 	286 	286 	288 	287 	291 	291 	292 	291 	293 	289 	282 	272 	264 	246 	206 	170 	129 	ECHO is off.
ECHO is off.
Medium
0 	0 	0 	0 	0 	0 	0 	0 	0 	0 	0 	0 	0 	0 	0 	0 	0 	0 	ECHO is off.
487 	54 	54 	56 	52 	43 	51 	65 	70 	65 	70 	63 	76 	74 	51 	48 	39 	35 	ECHO is off.
933 	180 	170 	190 	185 	177 	194 	186 	177 	182 	175 	166 	176 	170 	147 	137 	114 	86 	ECHO is off.
1029 	254 	253 	255 	259 	260 	257 	250 	243 	241 	250 	249 	245 	237 	212 	195 	155 	120 	ECHO is off.
918 	263 	266 	269 	271 	268 	275 	263 	257 	270 	269 	276 	272 	265 	227 	215 	178 	128 	ECHO is off.
793 	268 	268 	271 	271 	269 	275 	266 	265 	273 	270 	281 	284 	266 	237 	217 	179 	135 	ECHO is off.
699 	270 	271 	271 	274 	271 	274 	267 	269 	279 	275 	281 	281 	266 	241 	217 	175 	131 	ECHO is off.
632 	274 	272 	271 	274 	273 	270 	266 	269 	280 	277 	279 	281 	261 	236 	217 	173 	132 	ECHO is off.
563 	272 	270 	271 	270 	270 	269 	266 	269 	274 	271 	272 	272 	259 	230 	212 	169 	132 	ECHO is off.
504 	270 	268 	267 	271 	269 	267 	265 	267 	270 	267 	266 	270 	250 	230 	204 	168 	130 	ECHO is off.
456 	267 	266 	267 	266 	265 	264 	262 	265 	269 	262 	263 	263 	247 	228 	199 	164 	131 	ECHO is off.
412 	262 	261 	260 	263 	262 	262 	260 	265 	265 	263 	260 	260 	242 	223 	199 	164 	130 	ECHO is off.
393 	260 	257 	257 	258 	259 	258 	260 	258 	261 	260 	256 	254 	242 	220 	197 	161 	130 	ECHO is off.
380 	256 	255 	255 	254 	254 	255 	254 	254 	258 	253 	251 	253 	239 	216 	193 	160 	128 	ECHO is off.
355 	251 	251 	250 	252 	251 	251 	250 	252 	254 	253 	249 	246 	236 	214 	191 	158 	128 	ECHO is off.
329 	247 	248 	247 	249 	248 	248 	248 	250 	251 	247 	245 	243 	233 	213 	190 	158 	128 	ECHO is off.
314 	243 	244 	245 	246 	244 	247 	246 	248 	248 	247 	243 	241 	232 	212 	188 	156 	127 	ECHO is off.
308 	241 	240 	241 	241 	242 	243 	246 	247 	244 	243 	239 	237 	229 	208 	183 	153 	125 	ECHO is off.
ECHO is off.
Hard
0 	0 	0 	0 	0 	0 	0 	0 	0 	0 	0 	0 	0 	0 	0 	0 	0 	0 	ECHO is off.
416 	48 	62 	44 	45 	46 	61 	53 	67 	67 	68 	62 	63 	63 	49 	52 	38 	27 	ECHO is off.
826 	189 	189 	164 	179 	199 	201 	181 	173 	174 	173 	167 	180 	173 	145 	121 	95 	75 	ECHO is off.
931 	260 	254 	252 	245 	251 	258 	251 	255 	248 	240 	232 	259 	241 	213 	171 	128 	102 	ECHO is off.
852 	262 	261 	261 	255 	262 	268 	268 	272 	272 	275 	263 	280 	269 	230 	189 	151 	112 	ECHO is off.
739 	264 	263 	263 	258 	264 	267 	269 	274 	279 	279 	269 	285 	270 	234 	189 	152 	113 	ECHO is off.
643 	264 	264 	261 	260 	265 	267 	268 	274 	276 	276 	269 	283 	266 	234 	192 	151 	114 	ECHO is off.
577 	262 	262 	260 	260 	264 	268 	270 	274 	277 	276 	268 	275 	264 	231 	188 	148 	110 	ECHO is off.
508 	261 	261 	258 	260 	264 	268 	265 	272 	279 	273 	265 	271 	259 	227 	187 	148 	106 	ECHO is off.
479 	257 	259 	258 	260 	259 	263 	264 	266 	274 	272 	264 	265 	250 	225 	186 	146 	107 	ECHO is off.
442 	255 	255 	252 	255 	256 	260 	258 	259 	271 	269 	262 	264 	248 	218 	184 	145 	105 	ECHO is off.
409 	253 	252 	252 	250 	253 	255 	255 	259 	262 	264 	258 	255 	241 	214 	180 	145 	103 	ECHO is off.
384 	247 	249 	249 	247 	250 	252 	251 	250 	255 	256 	256 	248 	235 	207 	176 	144 	102 	ECHO is off.
363 	244 	245 	245 	247 	248 	248 	247 	249 	245 	249 	247 	244 	232 	203 	172 	141 	101 	ECHO is off.
351 	242 	242 	242 	243 	247 	247 	244 	244 	243 	246 	240 	239 	232 	201 	169 	137 	101 	ECHO is off.
342 	241 	238 	240 	240 	241 	244 	241 	243 	243 	243 	238 	234 	225 	198 	167 	134 	99 	ECHO is off.
333 	237 	236 	240 	240 	238 	240 	238 	238 	240 	236 	233 	231 	219 	195 	163 	133 	99 	ECHO is off.
315 	233 	233 	234 	235 	235 	235 	234 	237 	236 	235 	229 	228 	214 	192 	159 	129 	98 	ECHO is off.
ECHO is off.
Impossible1
0 	0 	0 	0 	0 	0 	0 	0 	0 	0 	0 	0 	0 	0 	0 	0 	0 	0 	ECHO is off.
75 	56 	43 	41 	52 	42 	54 	42 	56 	48 	59 	60 	58 	59 	49 	41 	30 	27 	ECHO is off.
189 	145 	128 	153 	162 	163 	145 	151 	143 	141 	152 	162 	161 	135 	123 	111 	89 	76 	ECHO is off.
249 	203 	209 	216 	209 	213 	202 	208 	205 	207 	218 	226 	230 	201 	181 	166 	130 	104 	ECHO is off.
255 	216 	222 	225 	219 	223 	225 	231 	224 	235 	246 	248 	244 	223 	205 	182 	140 	116 	ECHO is off.
254 	222 	223 	224 	223 	223 	232 	231 	233 	239 	247 	249 	251 	231 	207 	178 	145 	115 	ECHO is off.
250 	226 	224 	227 	224 	227 	229 	236 	235 	240 	244 	239 	247 	226 	212 	179 	142 	113 	ECHO is off.
245 	221 	227 	228 	224 	229 	228 	234 	236 	238 	241 	240 	242 	218 	213 	177 	141 	113 	ECHO is off.
241 	222 	226 	225 	224 	225 	224 	229 	232 	233 	235 	236 	238 	216 	208 	174 	141 	112 	ECHO is off.
237 	218 	224 	221 	224 	223 	223 	225 	229 	229 	227 	227 	226 	211 	202 	173 	139 	112 	ECHO is off.
232 	215 	222 	218 	220 	223 	219 	223 	223 	223 	223 	224 	223 	206 	196 	170 	137 	110 	ECHO is off.
226 	212 	213 	213 	217 	216 	216 	217 	221 	221 	221 	218 	219 	201 	193 	169 	136 	109 	ECHO is off.
222 	209 	208 	207 	213 	212 	211 	213 	216 	220 	216 	214 	220 	200 	192 	164 	134 	108 	ECHO is off.
213 	203 	202 	203 	209 	205 	206 	208 	209 	216 	211 	211 	216 	196 	188 	161 	134 	108 	ECHO is off.
212 	198 	199 	202 	206 	204 	205 	205 	208 	210 	206 	205 	209 	195 	183 	159 	133 	107 	ECHO is off.
206 	197 	198 	198 	202 	201 	201 	203 	202 	207 	203 	201 	205 	190 	178 	151 	130 	105 	ECHO is off.
205 	196 	196 	199 	198 	198 	197 	202 	201 	203 	199 	199 	200 	185 	176 	147 	124 	103 	ECHO is off.
201 	192 	195 	196 	198 	196 	197 	196 	198 	199 	198 	197 	192 	181 	174 	146 	123 	101 	ECHO is off.
